timestamps:
  login: 1401397315858
  logout: 1401397311641
ipAddress: 85.235.225.209
logoutlocation:
  world: Void
  x: 21.548246812956204
  y: 101.0
  z: -34.903971403514724
  yaw: 316.1027
  pitch: 23.39914
afk: true
geolocation: Denmark
