timestamps:
  login: 1401397412641
  logout: 1401397409141
  lastteleport: 1401382497538
ipAddress: 83.94.191.60
afk: false
logoutlocation:
  world: Void
  x: 40.63960988245142
  y: 100.0
  z: -5.3842737131276355
  yaw: 1.9919128
  pitch: 4.9499807
godmode: true
socialspy: true
lastlocation:
  world: Void
  x: 8.038328501573718
  y: 102.91546396755854
  z: -38.181651802861275
  yaw: -57.8744
  pitch: 19.348892
homes:
  home:
    world: Void
    x: 12.5
    y: 101.0
    z: -34.5
    yaw: -57.8744
    pitch: 19.348892
geolocation: Denmark
