spawns: 
  default: 
    world: Void
    x: 21.41810839330583
    y: 182.0
    z: 125.69999998807904
    yaw: -1.6755066
    pitch: 1.0502193
