world: Void
x: 9.866129098035506
y: 125.0
z: -110.2670801096573
yaw: 23.708063
pitch: 5.9997177
name: daymaskine
