world: Void
x: 17.065443764083014
y: 63.0
z: -131.48567935553643
yaw: -7.77801
pitch: 0.14980038
name: græsplæne
