world: Void
x: -217.7782605456449
y: 88.0
z: 187.20491757673767
yaw: -211.20006
pitch: 27.45
name: labyrint
